image_00000 218 272 238 291
image_00001 219 273 238 292
image_00002 219 271 241 293
image_00003 212 265 242 291
image_00004 218 267 242 290
image_00005 218 268 246 296
image_00006 214 261 247 293
image_00007 219 265 245 296
image_00008 219 260 248 300
image_00009 215 260 245 296
image_00010 215 260 249 299
image_00011 216 262 245 293
image_00012 213 252 246 297
image_00013 217 260 248 297
image_00014 219 256 248 290
image_00015 219 249 250 297
image_00016 222 246 250 283
image_00017 219 245 251 281
image_00018 217 241 260 285
image_00019 219 244 255 279
image_00020 219 244 259 284
image_00021 222 237 255 282
image_00022 220 243 260 284
image_00023 218 236 262 289
image_00024 217 240 261 287
image_00025 224 249 259 289
image_00026 223 250 261 286
image_00027 220 240 266 289
image_00028 223 240 265 290
image_00029 223 235 261 290
image_00030 222 248 265 292
image_00031 222 244 259 286
image_00032 221 233 262 299
image_00033 222 235 262 297
image_00034 223 237 266 299
image_00035 226 243 263 284
image_00036 233 238 265 291
image_00037 234 234 264 291
image_00038 230 242 270 289
image_00039 236 240 269 293
image_00040 238 243 268 288
image_00041 241 243 269 293
image_00042 234 233 271 293
image_00043 237 232 272 286
image_00044 239 234 271 281
image_00045 240 238 270 277
image_00046 236 237 271 277
image_00047 240 235 273 278
image_00048 238 235 269 276
image_00049 241 241 272 273
image_00050 235 234 273 273
image_00051 242 236 270 269
image_00052 241 235 276 273
image_00053 240 234 272 270
image_00054 239 229 274 273
image_00055 239 233 272 270
image_00056 242 240 272 266
image_00057 240 232 269 274
image_00058 249 241 269 262
image_00059 246 239 270 265
image_00060 242 238 269 268
image_00061 245 235 269 260
image_00062 244 237 269 265
image_00063 233 243 263 263
